1 0.9999361067647734729123963097380403088301 6.389323522623022132208783952950916157169e-05 1.836372001339664730833069170404787107433e-17 4.80672339233617141469920162443312135542e-26
2 0.9999333950680115255926697984715756514472 6.660493198817398673356191956811158756503e-05 2.191803490637666466882166401277864298304e-17 1.922736441551254522134519003468784352146e-25
3 0.9999299610465321752799816162299435681524 7.003895346752309056386017720813324787643e-05 2.312689255003773441391130881710339462861e-17 4.325965667145464694501685608064482090782e-25
4 0.9999257760080913498577358407430744022094 7.422399190834739145767223834058054743657e-05 2.424824417703402687729577445431804839691e-17 7.690260117454906061919442986313563805577e-25
5 0.9999208121384217938674880628070416347682 7.918786157790313238305037790055028743428e-05 2.449756614434561392020298119910367298603e-17 1.201510899252563741119316466504462252734e-24
6 0.9999150425936798518177208036689122201576 8.495740631984468862392285020935779266566e-05 2.499109200244337955232058325977059620563e-17 1.730078953865500352483723220325761615994e-24
7 0.9999084415922719451142092541421188606274 9.155840772775130351647776912274721553268e-05 2.507971037244560861790232187619103063502e-17 2.354684605648535035624158955613992049228e-24
8 0.9999009845057678622711060611275452646787 9.901549423183396338974813475502045350098e-05 2.526293957438477855349705018805216216575e-17 3.075394376954090779786486351133832041033e-24
9 0.9998926479486030962575383701228779744979 0.0001073520513965998846544441300261849268401 2.535524175253935922743790469976112973594e-17 3.892249192775716034660653772712411684312e-24
10 0.9998834098662683150096483042004897130885 0.0001165901337313811135224604665031164660471 2.537426288902602978449797868137354570938e-17 4.805348433546237361244130671441892739596e-24
11 0.9998732496216807493829148648407403519849 0.0001267503783189466409240234663566136735317 2.54735937558328389533214905734259021252e-17 5.814901521594516563928591940817780451809e-24
12 0.9998621480794298129534554345612827786437 0.0001378519205698831101015151067886274665592 2.54338745882782294612101866814111407532e-17 6.921095158649476446847854451597765013742e-24
13 0.9998500876875876775808921898214333155279 0.0001499123124120184124646633470885693041228 2.550407348155468155901665194971548273329e-17 8.124318255802192714388460471592474503697e-24
14 0.9998370525567748480126472966499624732093 0.0001629474432248480108446909901577611048812 2.547393704640202421310812362946437783657e-17 9.424999315844485994613029927614131008025e-24
15 0.9998230285361710153753885457308261433474 0.0001769714638286806292193419186722514714072 2.549281974773593836054774907524340690074e-17 1.082365602491524553569651478917766996792e-23
16 0.9998080032861626707841197081001143484331 0.0001919967138370252171749960808838465389165 2.549613143373399604043764269560976208448e-17 1.232112646777477505765863757408368298718e-23
17 0.9997919663473211215656147056278838119597 0.0002080336526785744598642153679656254844697 2.547194561995758121168599637742789281431e-17 1.391808803187163069933428093272048160679e-23
18 0.9997749092054077122810879948669537687893 0.0002250907945919837198500156562103296522619 2.549648483272878467125158793052981863525e-17 1.561578951455597011497976005114440243291e-23
19 0.9997568253521072130584834611699067222344 0.0002431746478924829812107230732625502061023 2.545772685947526906358092682301236809906e-17 1.741532302430441352888886333852024612831e-23
20 0.9997377103411955153168320224656155881733 0.0002622896588041807031480778581345110307061 2.547743904058916206722298497077748207098e-17 1.931812855222358266596406051963488192566e-23
21 0.9997175618398539831041970346527663543479 0.0002824381601457129418186268002105676009095 2.545140147149923059279117211103047856143e-17 2.132608925746515870978048351789780305426e-23
22 0.9996963796748500439431286569036971840278 0.0003036203251496521053568943128885418287498 2.54489294671703275813485437358209969923e-17 2.344065455254412471444874225098585650418e-23
23 0.9996741658733118822709929654184345292054 0.0003258341266878137808441190169418917742253 2.544557570999687354431141832114980185323e-17 2.566460921700753644989998091892552766021e-23
24 0.9996509246978344091896390048496342561415 0.0003490753021652868852618530476661807370018 2.542250960146953333962808284166099666981e-17 2.79996746333377995368564699949937130402e-23
25 0.999626662675664031209501718180170123251 0.0003733373243356648549789085513550315746888 2.543292738323003060265520694964109815487e-17 3.044907991186424736375890972016196273804e-23
26 0.9996013886217211161751167736763648220302 0.0003986113782785799176191663871478030465105 2.540466950339746979640071372337885250463e-17 3.301558048500295014033133994368350464083e-23
27 0.9995751136552314478124954280127490820268 0.0004248863447682482728273065895628605989114 2.541208002233779333265629939597114668589e-17 3.570210136403673021818361648607110357207e-23
28 0.9995478512097513618511489155003993506497 0.0004521487902483342519347730578548734464039 2.539431625740325599770372263152397224473e-17 3.851307995994819429646341887234547669468e-23
29 0.9995196170363856434083110114164699350844 0.0004803829636140527012753984653073834760597 2.538781059821586754471492439952620483344e-17 4.145094382574284697520044521534653862003e-23
30 0.9994904292000126252064453219236609734368 0.0005095707999870709054125092676858466748961 2.538553610637239497333659913161624967527e-17 4.45214777283024684815608768856672491184e-23
31 0.999460308068347228313621093328148378546 0.00053969193165246781700864385713507874558 2.536676099424946025180379213326761080686e-17 4.772760672774604838530823422144057333687e-23
32 0.9994292762936899099251917826306034777906 0.0005707237063097861992647287026853278673564 2.53729308726995813772940933875753647533e-17 5.107500860098821949322281200482518554184e-23
33 0.999397358787227593092876582889471251833 0.0006026412127721030519826886536801183808861 2.535252461871519262156433491042099483115e-17 5.456878312856922927150195832439829876795e-23
34 0.9993645826857716167053301592953070222091 0.0006354173142280794365701272420535129446317 2.535547995941834081315613016679409682168e-17 5.821308577206133387189653483559734037077e-23
35 0.9993309773108375260687246984126706598034 0.0006690226891621700849601759214755980342456 2.534369156875695199213187937880059240743e-17 6.20159503757637241720068216318082256802e-23
36 0.9992965741199920791837473549294418720075 0.0007034258800076169770879028604853960722252 2.533653722093212257696393802804842445809e-17 6.598031942440900345948980748249901482063e-23
37 0.999261406650414132343920036371675196817 0.0007385933495855638176882475614867360276975 2.533576005939449546029156080112467088787e-17 7.011571381634985929744204860974781968007e-23
38 0.9992255104546380383712681470548659710762 0.0007744895453616578054529389584790590543944 2.532064294666983401377651994186910978213e-17 7.44263582964160401904387438234716571698e-23
39 0.9991889230284707938541365736806815590751 0.0008110769715289023182855025170064152033619 2.532493746256558569525902590931381720797e-17 7.892027820156235335934188796535601684637e-23
40 0.9991516837310973527978159516895423380267 0.0008483162689023433895696225525224882422968 2.530996927894896326566726257069580524453e-17 8.360585044767278242750933861783686176118e-23
41 0.999113833697412224707712976828636236451 0.0008861663025874714788335801843089420188358 2.531080341427192568752123070026230475331e-17 8.848775660603378791108857779960614695627e-23
42 0.9990754157426396377939006570676156666291 0.0009245842573600584004000741181675310515666 2.530304414901660906141432064170750199953e-17 9.357883908552886834494416864528428979112e-23
43 0.9990364742593291056028558136479724940251 0.0009635257406705905984084841027049162328865 2.529607527911863829511093745691412589483e-17 9.888217216263107404678482384041317641185e-23
44 0.9989970551068381259749423822209446164552 0.001002944893161570226037077028703243853874 2.529635458818598148306530240437982284466e-17 1.044116058494380628119617671276202725082e-22
45 0.9989572054934388929282053673390052918474 0.001042794506560803285046250781361691186412 2.528407666752460948251488165524742424744e-17 1.101733965032298543435837799771743103355e-22
46 0.9989169738512112457674909107634776933482 0.001083026148788450442594240443218058582477 2.52872371302466381040182756619844494096e-17 1.161775881463175898987172825558377391922e-22
47 0.9988764097039095418385076012029686283829 0.001123590296090154382698529610044731675461 2.527610989069337746311897899154877454955e-17 1.22437535090414097142435850716838369416e-22
48 0.998835563528016643128669250409792632081 0.001164436471983053092908314865709213780431 2.527573193583168555852722011054053695166e-17 1.289579342948095677562170138598517531458e-22
49 0.9987944866072236775526528738018956544894 0.001205513392776018673944542014182643142521 2.527070528514496494722089761601381032913e-17 1.35758080439062254979025340860324112212e-22
50 0.9987532308805995910811566848070629715288 0.00124676911940010515198428814927984248914 2.526415464440456638975834876446117530493e-17 1.428416805748380333902410163321280155945e-22
51 0.998711848784739669290696815110269970442 0.001288151215260026941527623831694130536461 2.526506379250935962481098282873175619462e-17 1.502275901581016743908269964354896450241e-22
52 0.9986703930902070923266476796326057313312 0.001329606909792603915628587128497497877184 2.52550042661693003773850877734724285613e-17 1.579261110805399557160965748848579685205e-22
53 0.998628916732606113820781369907165761435 0.00137108326739358241916486891481019481355 2.525732627099920392090174330681417238529e-17 1.65949220304183123638413788626139871043e-22
54 0.9985874726386495384798399989115128932221 0.001412527361350157768427338803735953655416 2.524899680330932314084027782666971637298e-17 1.743180169134648739134043887500050156981e-22
55 0.9985461135476067290890118902397909907705 0.001453886452392967160394202710446944597209 2.524784932844293939574141066289165606936e-17 1.830376483087260643110018554727037084798e-22
56 0.998504891828541319107626312357327363498 0.00149510817145837714491885638049269361705 2.524470115426082276969462378779661795058e-17 1.921360428438429554240437275493785847726e-22
57 0.9984638592937700546134397509782959741832 0.001536140706229641645159748029539676510472 2.523863734034195679025207093624509887934e-17 2.016196916944409303983609655620973967808e-22
58 0.9984230670089956567483818747449332758958 0.00157693299100403950898073740836911289882 2.523986433338578448237568307936534137484e-17 2.115135023998348968294233272913952726044e-22
59 0.9983825651005871974251907011406173565962 0.001617434899412498840445944312185353195196 2.523157997799298675357820952915666785902e-17 2.218355956994471639635390013057521077574e-22
60 0.998342402560501133998425667636253844372 0.001657597439498562265562698265599687233012 2.523321749239459881308729947435672674321e-17 2.326007450353160399662945452743387375066e-22
61 0.9983026270493547710831491706734991952568 0.001697372950644925187064435231569896489143 2.522698101131401858433942130026204081862e-17 2.438418224019324006812735625371782715613e-22
62 0.9982632846981814272300107527176501553331 0.001736715301818269041848862085341872680129 2.522532327744424818675954038524377915181e-17 2.555667942496470858939524574012160875989e-22
63 0.9982244199094129031978427449789327685566 0.001775580090586793075852150697294505988789 2.522347574814125408439357399441344250732e-17 2.678152240095824735765561046257977102456e-22
64 0.9981860751576498974643132472368129384141 0.00181392484234979881492645585396485735179 2.521791815486166138954508253999578173407e-17 2.806010890517091281818292110623747897573e-22
65 0.9981482907907947195708082012962367144616 0.00185170920920497670708701081633445886542 2.521924928937092987117230747867448521275e-17 2.939575579906959194910015330170385401767e-22
66 0.9981111048321329389085631207114927114596 0.001888895167866757376148551788765876090632 2.521241886981095268991349780723639947106e-17 3.079167302810803708296831578021431960597e-22
67 0.9980745527839614054094629110414681552317 0.001925447216038290874177021367858174537529 2.521347602726737057112037540085820576515e-17 3.224993647962946398818998493290827365385e-22
68 0.9980386674333693227251576885363475150441 0.001961332566630373563107269133194694590539 2.520883574535366513887541724450445908309e-17 3.37756018287007598387783878144639357073e-22
69 0.9980034786607866784643243626657732549228 0.001996521339213017825917488820860515940937 2.520684290414412234228876176474168636203e-17 3.537034107391279974121176444277960499959e-22
70 0.9979690132519202811107641424825881477245 0.002030986748079415180411288299094269246559 2.52058926305299526640244981367926005116e-17 3.703977298603632588413773041163052821388e-22
71 0.99793529471370186110269705421032834948 0.002064705286297835193509272646637829337785 2.520084426295098833920579803508197352058e-17 3.878692335432619060547688539185069741637e-22
72 0.9979023430948751128640558162698371436472 0.002097656905124583430838774188542251509213 2.520213770379436831356288205360291742918e-17 4.061647887488902559080062525926832663541e-22
73 0.9978701748118491365618054916541327165501 0.002129825188150559738687828283844415985759 2.519651979853645443748394252241482388404e-17 4.253405670660383427757463937098394321302e-22
74 0.9978388024804444392387576854047721520072 0.002161197519555257061153306969858091831577 2.51970820350093758852626674943126405193e-17 4.454316574912804131231306829358638468249e-22
75 0.9978082347541544367757029325234116044297 0.00219176524584525952759583778057609687778 2.519367317248675524374382357107061576839e-17 4.665162507554479594683865773401148053715e-22
76 0.9977784761695402258830694531579356852074 0.002221523830459470422404479674358082513708 2.51914758936800774887974429226432232706e-17 4.886325291284454605097784356927008179331e-22
77 0.9977495269993692420010870479924650896394 0.002250473000630454304705905059609760457855 2.519113364227529059084285926741953161997e-17 5.118637141351583650307841397266779276427e-22
78 0.9977213831140992603873105363086275244033 0.002278616885900435923001139068011361544043 2.518659051091221913497283402974051684492e-17 5.362727526427387185496854579564531946201e-22
79 0.9976940358522980173830132683912319358423 0.002305964147701678926107223363630055413864 2.518775603345257013640320523131529836508e-17 5.619338340683277794518989326637501840884e-22
80 0.997667471900575515215651718435362040552 0.002332528099424181098036365083794581907206 2.518316142985061933167120777646543614207e-17 5.889456717261159818745063763552282742625e-22
81 0.9976416731835908210150378161072657331476 0.002358326816408875298476302125334784701942 2.518330696332517375074385466434926174588e-17 6.173774837289196267412761102760424279485e-22
82 0.9976166167646778806696389350571263229767 0.002383383235321815646300137733649721168697 2.518085203076977997383567350085918806266e-17 6.473554809475723139841619424068823424871e-22
83 0.9975922747576155467220887102589979916461 0.002407725242384149596116691578014687666144 2.517855409082700277352398976867894702146e-17 6.789663774884472891295590436188114360624e-22
84 0.9975686142500456814726335293576112551989 0.002431385749954014845483731800422277287503 2.517860885239120399868156800494804097597e-17 7.123454922667644362915768835001504417268e-22
85 0.9975455972390198609680846579345108836846 0.002454402760979835354043841179632402312048 2.517456233785282818533530885109056343429e-17 7.476220745338909924199640709873576158123e-22
86 0.9975231805791298999037993994966200700063 0.0024768194208697964173064558974855769908 2.517554767168679359070878315331382358002e-17 7.84931960606580512095893407871396200101e-22
87 0.997501315943650175028065874833706215722 0.002498684056349521296726131271871864412256 2.517182199650334677959167724444229089763e-17 8.244564325803565404228499106622339341884e-22
88 0.9974799497990905851066969375490107927121 0.002520050200909111218248837175241083162079 2.517162633796915588500164127583867407355e-17 8.663463480984750906860279678356381005064e-22
89 0.9974590233935279966075333491689835939964 0.002540976606471699719085814663985748234644 2.516990846969048896667437211102021674119e-17 9.108255180483279820342402610759306475499e-22
90 0.9974384727590512386274013734239495683959 0.002561527240948457701483678349636520768161 2.516759531528240229980597114757303024478e-17 9.580919855199285868166380507604153877763e-22
91 0.9974182287286201895639193787563576038524 0.002581771271379506764617961476977106019237 2.516789271962167745597310670251563572802e-17 1.008399186496169680102377684074971763908e-21
92 0.9973982169676033079708563322095961890681 0.002601783032396388361190089277144486290229 2.516433001469689537405383679011340680512e-17 1.062022857874370974252130821754590797579e-21
93 0.9973783580202201749676647812790772200202 0.002621641979779521363542288115956772452384 2.516511213798430881180904301615469483205e-17 1.119251662166364086733598224662967488656e-21
94 0.9973585673710763158550939233576473272725 0.002641432628923380479038729861409068759984 2.516212535298333033993074654772379346234e-17 1.180452839124079388706094668924213348041e-21
95 0.9973387555219368403936195312115540710199 0.002661244478062855940909594797126340352661 2.516166334904945352656778061048225930621e-17 1.245983983377417544068783350061041894039e-21
96 0.997318828083843378312003402160392843876 0.002681171916156318023608085549441002893826 2.51605106659130467436570385826056093366e-17 1.316305418631173481091493955118739520998e-21
97 0.9972986858846354873000482649417886705682 0.002701314115364209037744067123907960410259 2.515825423133583220932016307227414433024e-17 1.391895639982988996065402464069110623601e-21
98 0.9972782250918932809254437520923842663313 0.002721774908106415411837338121088751831047 2.515868404901095485138252053824492240951e-17 1.47331981708583356918116793635625114983e-21
99 0.9972573373512725739976129425427948359751 0.00274266264872712234267548845029678703528 2.515558879815152037993599825929201239619e-17 1.561229896901240328463409005289625153533e-21
100 0.9972359099401574895379059586466847476489 0.002764090059842206801706955536363544056635 2.515616920337136213660594313871790824336e-17 1.656341487104813298973930737960048498241e-21
101 0.9972138259365083367373787184675014872029 0.002786174063491359604489709396463972900315 2.515381050300984695809425161244027103934e-17 1.759528167703191696630084645362519066544e-21
102 0.9971909644027347794382227113618943538056 0.002809035597264916904185624342523296567737 2.515315837856390950812664720628589038773e-17 1.8717447731871033830697951004920688678e-21
103 0.9971672005843760021414845190550430732332 0.002832799415623694201523177813709489758721 2.515243661217528359507666424455536874871e-17 1.994149997480074492122489891839281951394e-21
104 0.9971424061233208807005170764772599544799 0.00285759387667881564449335756075909639288 2.51502999581648762827613000742109352396e-17 2.128066838621569017296363649067325447312e-21
105 0.9971164492852522185954234863597417309511 0.002883550714747477748948485988322375596824 2.515079142958075035834417770742776804393e-17 2.27505711270353397003612126062020411168e-21
106 0.9970891952009500607103400100500243950662 0.00291080479904963563651384742557008633569 2.514814761487350947065450704759843610287e-17 2.436986692413710246776414413705853160775e-21
107 0.9970605061210400923882524400750653815141 0.002939493878959603958016469838368462145762 2.514855350890645181092751656913903816679e-17 2.616040221632592813461094855820881512537e-21
108 0.9970302416837243230457421220441442265607 0.002969758316275373302146997774796437264925 2.514673444965142581720275212851924759224e-17 2.814889571152625664949156803186039526047e-21
109 0.9969982591949827934581168156791302763606 0.003001740805016902890307394933994438066659 2.514597752512004509274650731689731003178e-17 3.036723308350120731178088604963990905162e-21
110 0.9969644139206870900322558146401898774295 0.003035586079312606316301553562720357949106 2.514559561345318363174046348603698902073e-17 3.285477385427223747871681757964187858936e-21
111 0.9969285593900191545470730238181510559915 0.003071440609980541803152208082144283219562 2.51436472250846803836621456804609887508e-17 3.566002056544070486150768959630015914194e-21
112 0.9968905477095424029673118685519954927765 0.00310945229045729338206006171006660526685 2.514418216507830422553413477406469329696e-17 3.884363701155101103012373257307451790308e-21
113 0.9968502298872266712089251269481598659127 0.003149770112773025142267655038149843300911 2.514199739135504596764295725368207217456e-17 4.248285700167378219771903320212797402832e-21
114 0.9968074561656841488966477711774488000112 0.003192543834315547453814036750468650951074 2.514230896660156408700328875404125890724e-17 4.667684512041456622678614335910498768417e-21
115 0.9967620763638304042289631723853051727483 0.003237923636169292122316501821303286204627 2.514100318363732031583793841976995252026e-17 5.155601197594580665894793876037691204324e-21
116 0.9967139402261430026651787100594769668641 0.003286059773856693686241697124618909852839 2.514028862626782292055090715069508157637e-17 5.729425589604812868135875925313225855806e-21
117 0.9966628977786502378432704088919649995384 0.003337102221349458507483947501183378241708 2.514027120083496078751582944436859528966e-17 6.412901813415148308714466607452883622617e-21
118 0.9966087996907442808001548355986416253986 0.003391200309255415551357188369242160504081 2.513868728175983713821834238355661567654e-17 7.239153313804680142840070141141546406253e-21
119 0.9965514976418767677878680910032938878059 0.003448502358122928561873504110287827224146 2.51394413684872249757614923808749113147e-17 8.255495440719510285494837547024912790118e-21
120 0.9964908446921606392070787591212929573448 0.003509155307839057142873938279972945350533 2.513795453187746403828507158154209804216e-17 9.531229762796591119783457516324783409067e-21
121 0.9964266956558700606606501613836945254182 0.003573304344129635687015208419876822429868 2.513860282799743730847663095109116168427e-17 1.11702612405185467729036244275355876586e-20
122 0.9963589074768006468277115745254177237224 0.003641092523199049518095954636745501442203 2.513829904078174140270028572969497778461e-17 1.333188909762383615608667599884284854305e-20
123 0.9962873396044251096840093507040571943918 0.003712660395574586658642121747280561368038 2.513852239698570421642497782881832762972e-17 1.626458960448696396144219156157463148933e-20
124 0.9962118543697550006060716978863683704025 0.003788145630244695730918467949079615013037 2.51400883745041992106210287584062768625e-17 2.035991870188295581463892196578161976245e-20
125 0.9961323173597975409350893061873291255938 0.003867682640202155395245096041817944906662 2.514086973031273934445911972840076021216e-17 2.623432649964349490791292169409768977975e-20
126 0.9960485977894777622986582525364100627291 0.003951402210521934018961616956656587317385 2.514497636817230158488056911162552475346e-17 3.484222137616277614882817385631019138223e-20
127 0.9959605688698804243940022841770521973016 0.004039431130119271906698440189381957742263 2.514913316745934378778798976822546310355e-17 4.760456721575364829264892384332460926678e-20
128 0.9958681081716535550445848594539914777397 0.004131891828346141228322322015821751097919 2.515804229974916311697598895067596799522e-17 6.648897782255438275708678335524241275812e-20
129 0.995771097982406069294573147693239296723 0.004228902017593626938112317766421623617465 2.51708637796326096417843035779061748666e-17 9.388921394926188740234137803400165220294e-20
130 0.9956694256569258666581659551448481283623 0.004330574343073829517098642719234891447783 2.519012294396390483438566613431041440272e-17 1.32050917213545105636207910154031333056e-19
131 0.9955629839590421664607423482297172671779 0.004437016040957529636619760780944492150686 2.521827095323788111841169958169246275624e-17 1.818053967929901683382462457759021070225e-19
132 0.995451671393956699050676465951660651607 0.004548328606042996953063064313505163754143 2.525293265954424643134146721126307780363e-17 2.407662692321223037358355553939977165929e-19
133 0.9953353925298727953718680110182500421285 0.004664607470126900528418385665800448957122 2.529504073349178073395815402527667260034e-17 3.021113288657040656991524407112003106618e-19
134 0.9952140583077594690217721488752741373695 0.004785941692240226783361402938382774088505 2.533620732387770769280211711005901295181e-17 3.56097583350171818521513974142138188768e-19
135 0.9950875863380993133177229511993578098484 0.004912413661900382409398902725732081130064 2.537463654219765973230305338302595145794e-17 3.956800629187868884611754275613420216108e-19
136 0.9949559011834844809923268763589130373051 0.005044098816515214673438814090078927834011 2.540851409881973669917736653883118425389e-17 4.231586697728078662224206296974773215052e-19
137 0.9948189346259442044374551181524204076919 0.00518106537405549116599182593664224012748 2.544441713783124562059496209116648964005e-17 4.495743771212293429067815451987653446323e-19
138 0.994676625917910268060701427820919940962 0.0053233740820894274640235720274650378472 2.549006028438574185453159881597690954573e-17 4.826531748074109866231075030437803495848e-19
139 0.9945289220157535674710404398123659048985 0.005471077984246127969822248963429528502613 2.554046599259691343280992287574828083835e-17 5.161097776688288108309661160462628873085e-19
140 0.9943757777948553777846196233195960052305 0.005624222205144317583423260602655937831622 2.559004213809553683632525610920427253265e-17 5.39353437023751350543453320781371480557e-19
141 0.9942171562452111883226656044408923658047 0.00578284375478850698263002731661565174688 2.563602986509138587814429425496271551131e-17 5.561129621926467929912162861245346248121e-19
142 0.9940530286466029139815928265138115670799 0.005946971353396781249337903567283987997751 2.569002092091661245730387536486394624847e-17 5.764868080438326706763926642635613671508e-19
143 0.9938833747224169233993248141318354270688 0.006116625277582771753639639714661288377618 2.574898951683933258307637485106131499498e-17 5.954844883557121889314377126736979436829e-19
144 0.9937081827712305765949578569050876691496 0.006291817228769118492119716915006079925996 2.580362253151207413804094492920343589837e-17 6.067383537093751098591909597799173782719e-19
145 0.9935274497753387741271510353188172873515 0.006472550224660920890296901761909526483852 2.586090650501959804825477506082063169189e-17 6.190840169412182013266667218420414573579e-19
146 0.9933411814854443068360970908551776828569 0.006658818514555388106552945288245710511116 2.592203069008135684477928782736385978447e-17 6.327577328167629397613666134985897766743e-19
147 0.9931493924807914683531067642120003103263 0.006850607519208226522343494148999010064653 2.597975800185415753392818583337188153317e-17 6.422301988263867480811131370891889506896e-19
148 0.9929521062040813480957589991938919742813 0.007047893795918346710506186002811227816351 2.603592508721449963384732236737771273465e-17 6.552481866303409583128035606263466683258e-19
149 0.9927493549705693436597877439534049037292 0.007250645029430351074152662369435695092754 2.609391836996191102774589316088061082977e-17 6.695796827567922531078289732808100022437e-19
150 0.9925411799508105893006449783858073866698 0.007458820049189105367414523186747729983754 2.614504678133791209339004617254857303184e-17 6.843321761310788295899832988552359672842e-19
151 0.9923276311265870504419447983304695913716 0.007672368873412644154968555194945095395255 2.619653924306620483555009201557489043563e-17 7.039858624499276041989679372765216441799e-19
152 0.9921087672196208296053072866029977613401 0.007891232780378864923847318027584072117459 2.624474921401235914243479002250093286886e-17 7.23534640398606742626048000443760397216e-19
153 0.9918846555927516010335735311184879351661 0.008115344407248093427544572170061484838025 2.628909738718524672992870090585013826072e-17 7.472229685677510469901062238626112454261e-19
154 0.9916553721233318633345593050204959230665 0.008344627876667831057402436470763839407472 2.633414001308822303117131964304887894768e-17 7.713367044620651814073777747921893981043e-19
155 0.9914210010486716829221107586586119493844 0.008578998951328011403187150560690208178308 2.637406129388819824054042639218361956e-17 7.980792559340477700366754035333515821042e-19
156 0.9911816347834445968261709557373926592508 0.008818365216555097430304354993904910331366 2.641529115830713746861925411946261606991e-17 8.256719900031138473099028547961727746949e-19
157 0.9909373737090481419806196973101928602613 0.009062626290951552209188378009741766484998 2.645243365741563330179099772330249402611e-17 8.551967263059827859489572820772959191182e-19
158 0.9906883259349958588817476760637417939335 0.009311674065003835240271548697063854198177 2.648980051205432336952240910384395871097e-17 8.856187222264218265648791719122345670201e-19
159 0.9904346070325023515577954542482449249516 0.009565392967497342497287076887667820819823 2.652453132659404354623802071655776621659e-17 9.178246013115941158175614022873666297693e-19
160 0.9901763397405088336050511903059259141032 0.009823660259490860383095681119215556323688 2.65587028200874011870523891549347322512e-17 9.505887675290086779290624693420786828608e-19
161 0.9899136536444833048101345558860356564957 0.01008634635551638911111501421307242991816 2.659092102370745964455032122288267760224e-17 9.852678652349847705317448018988308490326e-19
162 0.9896466848284168287086191024607656481223 0.01035331517158286514611032365927289791299 2.662263323232673722932492674860988393679e-17 1.020075800594777468051092376565140389371e-18
163 0.9893755755005250559057838168307257372471 0.01062442449947463788240922350775450006901 2.665235988129100309344464446328834667135e-17 1.05688553741207005530559102873710334881e-18
164 0.9891004735932518913996855420282134138748 0.01089952640674780232210662725537898658504 2.668195580573185098678537901908143648316e-17 1.093690484026111826299482486246760695227e-18
165 0.9888215323382597613073894371555062337405 0.01117846766173993234833177014005992356331 2.670961978869240822248097111087739519351e-17 1.132097463053580938706181114974424787087e-18
166 0.9885389098171780144890677125549761518743 0.01146109018282167910031013488968074302627 2.673706700452528692605609467390095794001e-17 1.170993607071611618801068697794536941549e-18
167 0.9882527684889673127752039442486730136645 0.01174723151103238074848777043551789378394 2.67632062400039420561864773102496591029e-17 1.210540504353423429196879058143213718657e-18
168 0.9879632746948431309944909357194164476354 0.01203672530515656246305602595886649181512 2.678861818456137776314862916333824028972e-17 1.251273312801895708476489672232755846476e-18
169 0.9876705981417854136149702768843555420086 0.01232940185821427977694958038343525304837 2.68134303176351501881219542795456944811e-17 1.292088284138616983231625739367355535711e-18
170 0.9873749113657437251704514859975250561849 0.01262508863425596815580981112612807500138 2.68372727047237662553169918144770067919e-17 1.333904457194139319029046383667145258533e-18
171 0.9870763891757275926886104637906735289859 0.0129236108242721005718361432339158888522 2.686072102181963077877034296846312503771e-17 1.376270830197338154303233411905216608607e-18
172 0.9867752080800498758527153381785816424228 0.01322479191994981734259357035361430417426 2.688329119590170386593196527229938189278e-17 1.418838354607659870996993301306843790182e-18
173 0.9864715456960666213779231921950586620042 0.01352845430393307175151383424352135216081 2.690581140363662352441295957753116097685e-17 1.462190028966356283269054339500939363613e-18
174 0.9861655801448296708141386741107363618765 0.01383441985517002225032945860756353881265 2.692705732586530889893493500065197898175e-17 1.505913000457952357199446814941048906263e-18
175 0.9858574894321380072507909161183022628608 0.0141425105678616857480191952208848928879 2.694880210291423583422339294367428742034e-17 1.549826244788139163796076703145723759052e-18
176 0.9855474508175401618513905094604760498684 0.01445254918245953108242720966745242731521 2.696941107772494274098012400937483472747e-17 1.594209662188690008811076588762490540288e-18
177 0.9852356401729026761632176795565446133351 0.01476435982709701670541566167312510717655 2.698983162770055119363045242858269510665e-17 1.638973490111341285402525296672695776113e-18
178 0.9849222313322183573953241010617741708646 0.01507776866778133540772447529601405799113 2.701049637644708233661010339945346995173e-17 1.683893506236693618333763100325315697528e-18
179 0.9846073954343826046914069741981866581734 0.01539260456561708804722158895945545044773 2.702984023520199043005300663814916325592e-17 1.728969660681932110390351571928020724022e-18
180 0.9842913002607161665414944637532724260683 0.01570869973928352613154525578940060302995 2.705000571765470649746516585632378522659e-17 1.774393021844185298001732171953652870205e-18
181 0.9839741095690580635443609502329702543932 0.0160258904309416290638286757237672240585 2.706918815545064494927387232207481780608e-17 1.820060677634182510548635922767252986952e-18
182 0.9836559824262928374700852266504209738325 0.01634401757370685507295526695139263777068 2.708868483127349015580110731756134516262e-17 1.865713134166262223120061241883936182258e-18
183 0.9833370725412115391280381177247096849573 0.01666292745878815335017256894237261631141 2.710774116984845106293251848030706019156e-17 1.911486602526033073751863490315595814518e-18
184 0.9830175275996357278524139663401122785323 0.01698247240036396456108646292671323998113 2.712645163011079550068565055757561423666e-17 1.957486399663946216383502777062233996402e-18
185 0.9826974886037580219576114944644843484728 0.01730251139624167039017843967126277490408 2.7145938250578228158452486501849642955e-17 2.003710274327591657069684062945505004466e-18
186 0.982377089217671223612985883913569919354 0.0176229107823284686703051815644197677554 2.716416498760056476265425365369694774953e-17 2.049982405963013836329193100037080614581e-18
187 0.9820564551210705698073244990405286329977 0.01794354487892912241120305241298621911009 2.718294103283118152724567609200213640757e-17 2.095969874756871463266873607813733169529e-18
188 0.9817357033731200760350811073447575226425 0.01826429662687961611847400871394461326342 2.720154988483044361059779226392935727302e-17 2.142333458152424575362311719217413289601e-18
189 0.9814149417884741003564105274370048923035 0.01858505821152559173191428981527273772033 2.722001009797515439607401491083643290979e-17 2.189103543814138016055577123835417412414e-18
190 0.9810942683274390399638780812441750947694 0.01890573167256065205928291637973029679984 2.723859947579280686640708651894839313419e-17 2.23567798562485897726659137403250010694e-18
191 0.9807737705022473760110862737505550811268 0.01922622949775231594741263210779267501363 2.725660228984280766036881647263020456221e-17 2.282337263340415225813765782204951462538e-18
192 0.9804535248013970204683811061265106525205 0.0195464751986026714256290756114192118687 2.727474908214702627799615548089147206439e-17 2.328679195156615513860126691170828580773e-18
193 0.9801335961339830264343922890102304706864 0.01986640386601666539420488835158494196735 2.72931610151317883631200870556459223541e-17 2.375680266547968394398414925527413960825e-18
194 0.9798140372959161566390491277681802076731 0.02018596270408353512444477146616274859464 2.731091718513684196770239284851830701658e-17 2.423027374670388077520565269933034381173e-18
195 0.9794948884598835412846073157894555432977 0.02050511154011615041326731512475370202813 2.732926719686441893353627330305789054098e-17 2.47029663126294525696911195669767914137e-18
196 0.97917617669086069523912208655438017238 0.02082382330913899639414806382859759089276 2.734639181559046190173748177086152344226e-17 2.517776493068134931235225052573116945974e-18
197 0.9788579154889315276713931485489509566821 0.02114208451106816389720722461320648421829 2.736418266499323751584770077483904060332e-17 2.564655420886180157558425961673867010631e-18
198 0.9785401043611137093069387499087089847775 0.02145989563888598219637291838770476763734 2.738153024746354524810367338832005060446e-17 2.612596543281616483460190881094545909973e-18
199 0.978222728423820931341396382701134312642 0.02177727157617876009726103020221669534036 2.739841475294082703044177687739155552055e-17 2.660366293197397896455027660549507995736e-18
200 0.9779057580375212873106687001346007453402 0.02209424196247840406085642015058916384616 2.74164543350369637817255117832336339233e-17 2.709459003719423207119121281019747699031e-18
201 0.9775891484750723499496276153169810639005 0.02241085152492734135827586162205082348057 2.743141436087185851079607830154587285859e-17 2.758120621230686877967695912385225548354e-18
202 0.9772728396251286383752882490370469665913 0.02272716037487105286452444692095034273797 2.745007818680086725452456511166532712409e-17 2.807547576282713604129208477936397741752e-18
203 0.9769567557319262399854641133482257884528 0.02304324426807345119277779715432112074481 2.746261193912089084795983091147118801835e-17 2.856584609418141780052533078298069603191e-18
204 0.9766408051726525527674910835006622580148 0.02335919482734713834151475377324714332982 2.748193138904745849949040912596359923724e-17 2.906501232720211541249036726402937636791e-18
205 0.9763248802735066586984124538336393209175 0.02367511972649303234999214450831525529215 2.749222364194974970348847027787448540424e-17 2.956810218749875798086383896980058298333e-18
206 0.9760088571654479607899994131031861494354 0.02399114283455173018713684475241446887655 2.75119354057463952978770117031208801889e-17 3.008366795439586155806487698602785485153e-18
207 0.9756925956805176741112606786064088561973 0.02430740431948201680545098784401404984985 2.751985284299350468899702998014678270538e-17 3.06087394959765372137377361593953832635e-18
208 0.9753759392894998334531226345496016706262 0.02462406071049985739037073117488792284945 2.753943726180652618180096794579572862935e-17 3.114507831510566036064379466907039766838e-18
209 0.9750587150815659722552059556798851043784 0.02494128491843371852878265700091874365611 2.754411534955917500637801357406525688567e-17 3.169334496801603665955623454817950322174e-18
210 0.974740733786420861199974146416943851894 0.02525926621357882950915241312923285325039 2.756333357594675807954379100232335327012e-17 3.224978323548648676127272454222537030026e-18
211 0.9744217898393360192840034963342257838656 0.02557821016066367136726371757730312467145 2.756372094769922032251212137748202467941e-17 3.282450297430834326951405790662143352639e-18
212 0.9741016614893234883079422005952033100736 0.02589833851067620226678904729128934317526 2.758218706018425409042570186873287930488e-17 3.340520150970838471847962077134300862347e-18
213 0.9737801109505649831136051816802049754521 0.0262198890494347074035830133433467972652 2.757842905911100525851250116387590979988e-17 3.401821204907028138210202900885799676353e-18
214 0.9734568845970713950300063050459476932628 0.02654311540292829541012782734687477468286 2.759387544882699483833727868302805822526e-17 3.463428877821768472795453899987472331367e-18
215 0.9731317132004051614531985075103521040251 0.02686828679959452892502831670322666452695 2.758932459630596888283341012697227109759e-17 3.529887038522038548386466006251448074277e-18
216 0.9728043122101536540482890454693436644902 0.02719568778984603625647627037974553127245 2.759589442536889758122598077189842867189e-17 3.596778717823600712985726556579288729908e-18
217 0.9724743820766959405115496071700066888789 0.02752561792330374971890409411972882264895 2.75986004478237087296238875219422999524e-17 3.668384309928143657033781293608352722712e-18
218 0.9721416086156585032385626663884005962647 0.02785839138434118692811051957198664259452 2.758767757487583757031685749061399746692e-17 3.743087698205364307932024671098266228289e-18
