1 0.9999348259272130884605785835719730076659 6.517407278661871133364502951187800683826e-05 1.432552617576078875849424616288402926072e-17 5.467917870101620637021546265856831308991e-26
2 0.9999307210609714901791684310640038794764 6.927893902821578755156925640416955283955e-05 1.553071824001504679635466440858767973567e-17 2.187059975541262450686011014679087182924e-25
3 0.9999257526544690859172608541980768733452 7.424734553061987289093486564141626002079e-05 1.570728617791825305221084545618355234898e-17 4.920594796409425641827344619297180158406e-25
4 0.999919861051912871179901636537051196492 8.013894808683427873568007069975819541393e-05 1.603880026770822765078023037312610631981e-17 8.747254723088593562286373486931399184211e-25
5 0.9999129853904208129393726023173946811791 8.701460957889261955700855744815006016211e-05 1.593850748149797241101022123950999042055e-17 1.366668636188236491696252123960369234004e-24
6 0.9999050636936339327227768280802490088648 9.493630636577268135771882329845638844563e-05 1.609330194423423273392927961000694367628e-17 1.967903669740346453854128020201393670997e-24
7 0.999896032971145424312426515607731584737 0.0001039670288542811566098907800667705275595 1.602839937424654915111756118481179913122e-17 2.678407102936239713718388864334902678897e-24
8 0.9998858293235603112004154919903112519634 0.0001141706764393942263993370906099407567066 1.607062013172282378249581608890914874065e-17 3.498237705124734931828088014499603311452e-24
9 0.9998743880529683540371800464910724195815 0.0001256119470313513889406594025067669930695 1.60713133256939259559022689963461371739e-17 4.427453945355535135711090624751614479837e-24
10 0.9998616437785816647021616776509726734829 0.0001383562214180407489967100088063314670598 1.604627460520427455891454249116444012021e-17 5.466177398016963492777209494430542459866e-24
11 0.9998475305572569323225409631354415169228 0.0001524694427427730928432952701412424394621 1.608204758601056949299219484896654687253e-17 6.614625297446144068159639638849658836215e-24
12 0.9998319820085904018893893245635802425448 0.0001680179914093035696194407474739279840979 1.60384218206864689605187388592331455686e-17 7.873043928695283597781275024161493286526e-24
13 0.9998149314442419031981189111098948232985 0.0001850685557578022287539528067541577594544 1.607055635327728115029693737998556497628e-17 9.241847520423870178585378446004421669157e-24
14 0.9997963120011124341316641807524027446904 0.0002036879988872713222714987974152062160269 1.604349205795812867522864048032659221359e-17 1.072153350300711420636781141487063440726e-23
15 0.999776056777968178898154024168819631017 0.0002239432220315265488432510290289003361943 1.605042887112470445895896996912844839673e-17 1.231271889733676283787360941404599744939e-23
16 0.999754098975072540329749864966294559764 0.0002459010249271651172589737315494835284749 1.605041560405667057448097268193155505016e-17 1.401628693757331715436957094635547271124e-23
17 0.9997303720363569101560735033330365771401 0.0002696279636427953072091775855064252240141 1.603413994500664405151672988283301826352e-17 1.583311626413803202867411130465627746759e-23
18 0.999704809793630649401642647782415083648 0.0002951902063690560453366836943492523018271 1.60504413630547253725194220116560621155e-17 1.77645099613058233686905612205099162566e-23
19 0.9996773466123012418975819790409417363219 0.0003226533876984635722644549968533391155408 1.602757221320468235574307802031695377082e-17 1.981179897367181119899938487330364424273e-23
20 0.9996479175380469699931738754093688794544 0.0003520824619527354622480212443949926224476 1.604199458577521990177216771399923982165e-17 2.197661246634093463634683722451161458186e-23
21 0.9996164584438568977279774953548322305955 0.0003835415561428077406222980183811049410122 1.602881440468368212119584015063382119763e-17 2.426098455604981829215633869318113537558e-23
22 0.9995829061768265808581921572855842208893 0.0004170938231731246094399624856643576492957 1.602977967246287020434053679936875087409e-17 2.666680733156725867758245921185341606595e-23
23 0.9995471987040729182440292699420665172745 0.0004528012959267872217784270492423081229008 1.603160156515387819103310630684513773211e-17 2.919689626479457624217605104123019457537e-23
24 0.9995092752571080630437340188324256290812 0.0004907247428916424335278023878364390836585 1.602014478421457379063360105472906922155e-17 3.185360661585137870784243166450134389137e-23
25 0.9994690764739904864185780809834608472098 0.000530923526009219048296316046528468029465 1.603052942173456185821801041944600440891e-17 3.464027690023374086944855062618743267056e-23
26 0.9994265445385512823773693759046549100022 0.0005734554614484231035831560407327107917976 1.601644836689809186552549052752177389224e-17 3.756019797144406220536887839478912770523e-23
27 0.9993816233159757734124186691719021133075 0.0006183766840239320605097927263892235606179 1.602446938031842553960364222852437434577e-17 4.061682473468095150875379750128457037448e-23
28 0.9993342584840045760988082573155453971769 0.0006657415159951293811673649039333005961458 1.60174190220744107745671961612393207467e-17 4.381474756102641569065442966316637216526e-23
29 0.999284397659004657639287734966595201102 0.0007156023409950478417347331758519020225122 1.601636883341274291342463174219096035011e-17 4.715748626051773372453152691546776003301e-23
30 0.9992319905161497078654247591237516900548 0.0007680094838499976129690015032516041835302 1.601899404772208659387746092401153292081e-17 5.065069236072927369371274072039141768667e-23
31 0.9991769889029405018792134816849909737928 0.0008230110970592036078698203995217931576948 1.60103008583675567797969902083018923056e-17 5.429858938229143542175167197486025101022e-23
32 0.9991193469452899745206984561608226215712 0.0008806530547097309589599695556566073787018 1.601772192629929888026222062361868148182e-17 5.810702567345017596788758364812443029383e-23
33 0.9990590211453945967273858510668600835023 0.0009409788546051087616841290642641161556828 1.60083063970081455580166371997291400489e-17 6.20819021816696823359675481097757634235e-23
34 0.9989959704706134573868649328482512759616 0.001004029529386248097414711921786894404236 1.601309258576798438637077227544733270768e-17 6.622850342792386140486531058670366629447e-23
35 0.9989301564325793295240491032537570576492 0.001069843567420375964053556843498900389939 1.600926524418219417833643016653689356901e-17 7.055476200198515887046112498457333967016e-23
36 0.9988615431557720400513162537894007209511 0.00113845684422766543869516981462540161943 1.600735196973012213676905543550005955429e-17 7.506570730271592835845319869421773154132e-23
37 0.9987900974347937689955568160388262971943 0.001209902565205936491561290964252263987804 1.601024058168264482191648525261636746064e-17 7.977035572648007795927574280006575722373e-23
38 0.9987157887795985620885404375652631289261 0.001284211220401143405452311888071010698177 1.600336103456276687678371925287861790168e-17 8.467502535016366050213562573829517569473e-23
39 0.9986385894479444292477491857814431347628 0.001361410552055276240677771937868569927176 1.600892171324041701823921624565843161291e-17 8.978808172260214731111901742991033107043e-23
40 0.9985584744643559865663347303010569726791 0.00144152553564371892864887759510925891473 1.600235973239657743836519078858399207854e-17 9.511874870779488606128086956631635276929e-23
41 0.9984754216249087345006291744920959388428 0.001524578375090970991488429326305693076323 1.600522018138491017725252929856280167985e-17 1.006738381391789923852524408980300679012e-22
42 0.9983894114871727937148667794944711495966 0.001610588512826911779187466662836364257513 1.600327774740751045636213357593982367645e-17 1.064654766335273787653944255324460984246e-22
43 0.9983004273446842685372627245399202855904 0.00169957265531543695908189539028197234462 1.600098133892750436288730625967101309345e-17 1.125001837438917891332550286653641048019e-22
44 0.9982084551853463933431134933042820364542 0.00179154481465331215034069078238359928776 1.600386548412544723257441784448920737095e-17 1.187908293389201752478528750129374377059e-22
45 0.9981134836332002375628327454701230350834 0.001886516366799467936179368648426197119766 1.599830099837413494581472356366708343438e-17 1.253465487660664248297948444520452330494e-22
46 0.9980155038730459865461037959036368709764 0.001984496126953718948657501868914328340551 1.600254498302152861119936674285408015326e-17 1.321782473718944760473237981446724033627e-22
47 0.9979145095574406476486274638149433646969 0.002085490442559057850777006608728859260753 1.599789468880720523166306672831901297448e-17 1.392998105732516392976579551434930519768e-22
48 0.9978104966956464060164739191060152549479 0.002189503304353299481316787137302417885705 1.599950103315354893421173490659151415335e-17 1.467196445852412352832747518844069001992e-22
49 0.9977034635241557111305784767368892154224 0.002296536475843994367974682757803338242414 1.599873084413631340258127533481676500636e-17 1.544554104457248907341003113682689077371e-22
50 0.9975934103584744311124433783590514284259 0.002406589641525274388536138961715883564351 1.599629642577049096740705271193071782182e-17 1.625159501931737895437274543340337269612e-22
51 0.997480339425902971499214773607678217248 0.002519660574096733999016483385802221848553 1.599903628319966261695837736090594393301e-17 1.709188483080999474676672256940850071065e-22
52 0.9973642546791170023258808626357006588418 0.002635745320882703176884960266580269926599 1.599449295823166035192088797418243995565e-17 1.796779075113635770026679001651464930824e-22
53 0.9972451615904142395928806132017820482589 0.002754838409585465906630489319791367791711 1.599773854935185507886236201353531981396e-17 1.888071680220192418350853407772371194351e-22
54 0.9971230669265614339606465484021616410678 0.002876933073438271542146170743829919683947 1.599444741234146638988525535777657666827e-17 1.983275539939724407050788209758081748667e-22
55 0.9969979785042461607686045476169449798918 0.003002021495753544733429473377327788420575 1.599519618783859091938861327525883566632e-17 2.082502085874167295536408514539027630094e-22
56 0.9968699049262109954826964158063605140106 0.00313009507378871001934693916114162125943 1.599517650360699000319675632520740726861e-17 2.186004669585782967339385492240559129207e-22
57 0.9967388552982229904355529509934504589542 0.003261144701776715068909903359309309659633 1.599274621281809508402899925625358005472e-17 2.293918705966150602687468903441748542511e-22
58 0.9966048389271088200822989542435102463953 0.003395161072890885419632156593868428150686 1.599526669980766687517532569935314031418e-17 2.406483964056868894700101198098837389582e-22
59 0.9964678650001652906059564103972685045738 0.00353213499983441489967630170034318696917 1.599155335492871985686147606518098505039e-17 2.523920151205770928165146533315831462757e-22
60 0.9963279422463358565365251285902371820327 0.003672057753663848966637693782670951148367 1.599401099488346121070098489643632939303e-17 2.6464178508286048417945098730394157376e-22
61 0.9961850785796260758620201402404928124806 0.003814921420373629643417291231756141244478 1.599172359808688981853072986463976690123e-17 2.774294823133368692010117937717664838493e-22
62 0.99603928072531427114094373143991823564 0.003960719274685434364330495279944732564698 1.599187346021415569648327136654823044172e-17 2.907721074324507726129325013463674302772e-22
63 0.9958905538295977382126091919424218227505 0.004109446170401967292189960808214527637727 1.599233460015384124071590892705954304022e-17 3.047061369740316520344373282722223930565e-22
64 0.9957389010533993284235407014588698659901 0.004261098946600377083580958422269963064618 1.59899975445357786915553868693546836539e-17 3.19254624533515586854346046544587547402e-22
65 0.9955843231511437837627375922496268263491 0.004415676848855921742106779201069938523986 1.599225963623717383828404960814705406008e-17 3.344513535805703861638102121337028894217e-22
66 0.995426818035397469480343718171911785177 0.004573181964602236027503542821321585941343 1.598924086561204592294366627132026879042e-17 3.503324361721637346842854610565958430927e-22
67 0.9952663803283487546235066978012446108813 0.004733619671650950882501654038775206367513 1.599106318072522741999650301526225791846e-17 3.669264762038854055488478555210739093921e-22
68 0.9951030009011888537698442019171933868678 0.004896999098810851737676202395138603593899 1.59895337724135110871874917250657525188e-17 3.842823156078799740301753346212632285118e-22
69 0.9949366664025340655976670213145846304058 0.005063333597465639910102683961002158730875 1.598926632422978754971703022632816787776e-17 4.024295360761253420160578523723234662888e-22
70 0.9947673587771096190208654119353196601281 0.005232641222890086486125667940107090576321 1.599002595713984305822570698176113797271e-17 4.214220261823829551374012146237469550601e-22
71 0.9945950547759923463533279614754465963181 0.005404945224007359155828904736722851358279 1.598784029149569524618905377609430058433e-17 4.413013335860173445776549196282886454234e-22
72 0.9944197254597837189219134596430598389413 0.005580274540215986585235714090579189049136 1.598982716687718123474301261849280658854e-17 4.621184306301660064968791215230405420381e-22
73 0.994241335696155968492810447596435656557 0.005758664303843737016744298032387521114296 1.598739977939111881166174401949442262213e-17 4.839340215082915799667748983169473264012e-22
74 0.9940598436532816362054661717972796143515 0.005940156346718069302759679036863067305878 1.598870581187399806630568708415903402918e-17 5.067963333104279811328509538874873743494e-22
75 0.993875200290720493509936529364206055746 0.006124799709279211999216541246023208018081 1.598775460580255679807596455613258578551e-17 5.307826286657092274311016802781305877679e-22
76 0.9936873488493969159468895963216928446881 0.006312651150602789562788386727083260616885 1.598720452709548599070791453957382467623e-17 5.559488971892522983974968396300175621524e-22
77 0.9934962243423550092793859655011108377086 0.006503775657644696229335285384513627279777 1.598813482877738265573266741418565231858e-17 5.823793784435726081580860657586051752766e-22
78 0.9933017530480276351851930851387764350661 0.006698246951972070325496513630098131424307 1.598613870881331401673351498377068513617e-17 6.101514592618376453452824421919050041421e-22
79 0.9931038520077985097030634695521399647341 0.006896147992201195805886958769211028112244 1.598784868064695825908412671607151319484e-17 6.393500731417009417548487939603830377826e-22
80 0.9929024285296733036370370560943875621301 0.007097571470326401873802174804020340262084 1.598592914742222127285912787595790129752e-17 6.700807208228360034711427849813385599149e-22
81 0.9926973796999057166172902682987510602046 0.007302620300093988892628507549659115333455 1.598681724943543482801757141451606100169e-17 7.024337576064416027128488726104376517373e-22
82 0.9924885919044473896162407577186598711964 0.00751140809555231589415406115787019830389 1.598630710113517933586884068020769979406e-17 7.365390297420372374648725071286128528988e-22
83 0.9922759403621058359492365019391725755612 0.007724059637893869561851051211861026248564 1.598557839761228283743265225919859519544e-17 7.725082781349992045583471882995235017322e-22
84 0.9920592886713018919187121786451908359219 0.007940711328697813591327418064426563729922 1.598658837645430100296377762814165985026e-17 8.104858775335266600846831286357006790379e-22
85 0.9918384883723171105169183563548897930349 0.008161511627682594994863478819536815946424 1.598480600132199744587838847535239943694e-17 8.5062254502657385640774778050987788469e-22
86 0.9916133785269116559782213749504153722276 0.008386621473088049532075165072837587074477 1.598624884207175837946766157319805450653e-17 8.930769464393650605789820866776457373638e-22
87 0.991383785317174231187315540768771135183 0.0086162146828254743244184040090771455879 1.598476647030763665596664656674559503689e-17 9.380439559663835721805689756695350471395e-22
88 0.991149521665437030500814200168766339298 0.008850478334562675010316788048574265869042 1.598532176039717118832775499255674115016e-17 9.857104269403843338374826777528677863166e-22
89 0.9909103868770503261417098477099208539529 0.009089613122949379369546982012348155167344 1.598514531197235029211363093352775543705e-17 1.036317346832044250713061985904404251248e-21
90 0.9906661663077627579620138647688843723583 0.0093338336922369475500136939168602071083 1.598432080096047923962539033250073312375e-17 1.090099395227225498471734533112883703954e-21
91 0.990416631057394421950035784938924684003 0.009583368942605283560908721568156693930756 1.598534661371174886727393282357488127717e-17 1.147338822621429297668893029391476275085e-21
92 0.9901615376914201870983756352780461379543 0.009838462308579518414062383968695865427053 1.59837920860148594170132535188548566283e-17 1.208353779849167248999935250785799945197e-21
93 0.9899006279920000884301329306777926147732 0.01009937200799961708104469598559611078677 1.598498735716798715297117742940807396874e-17 1.27347521007518732270904662715724187817e-21
94 0.9896336287399019534378230723988578920029 0.01036637126009775207439133776500749645917 1.598388094521679421898574430962894322725e-17 1.34310366079242189222509244281760810982e-21
95 0.9893602515286584609309169102409952869632 0.01063974847134124458092368319994989448013 1.598418019046394689642102011528084093799e-17 1.417675136559048860516507960405380279599e-21
96 0.9890801926121864833896318979853438356765 0.0109198073878132221220557101773084450619 1.598425315521439982320405641974839534671e-17 1.49769566439922766826035035858806446685e-21
97 0.9887931327869707414888184233952476611939 0.01120686721302896402363551601500045763838 1.598340082294586153522823027718688762753e-17 1.583696685341246440582336498608266909487e-21
98 0.9884987373097764586006387780323112831302 0.01150126269022324691072222643983876019539 1.598440110821361211792793143895294166756e-17 1.676346355689131970362994269278897912315e-21
99 0.9881966558517068408688357736914653552352 0.01180334414829286464374444875206576817496 1.598308183534467893051149737366446934641e-17 1.776401253240558480457931942173364709501e-21
100 0.9878865224892608656441038975898727431861 0.01211347751073883986739072263500798564902 1.598405922335559102859618671113445614846e-17 1.884615460980393135225819081246743169608e-21
101 0.9875679557328751234349514239221052648192 0.01243204426712458207720808968905427363983 1.598327694867961529088212713664157536951e-17 2.001996750676634397951285737207534373186e-21
102 0.9872405585932504574819481719795022814748 0.01275944140674924802996749159115999659315 1.59833930344850172224006866219914510409e-17 2.129760985771616760324518284427533049249e-21
103 0.9869039186855700602780970315812955810603 0.01309608131442964523341949497341391983136 1.598365287612597015628753971828809761081e-17 2.269056360771461782539789949038276598232e-21
104 0.9865576083715107449824156982763399057973 0.01344239162848896052976879748008903252684 1.598283264920288324509597062969104418596e-17 2.421314082138950898232525100314159494507e-21
105 0.9862011849387335889351229718114548219189 0.01379881506126611657593788269305202598474 1.598378889619035672012706463640656809105e-17 2.588708346588068058941910486905735803549e-21
106 0.9858341908173143729013014307601479073885 0.01416580918268533261065171628098962096118 1.598271216585535638932327046758212888907e-17 2.773146144957869100776331397733059782324e-21
107 0.9854561538323385901868866767379244788092 0.01454384616766111532405750013458428145661 1.598351775227916149106595876701138627619e-17 2.976529889781263124390528317491109886343e-21
108 0.9850665874916407019761027614184705232816 0.01493341250835900353510944436737583626612 1.598302336773410831427779165902494903086e-17 3.202885521496801385963679190056530358329e-21
109 0.9846649913074132464999531273870693244341 0.01533500869258645901099329073199585884025 1.598303593387372326384539204630844785915e-17 3.456107048662774005254536167255601709272e-21
110 0.9842508511501488981499716234818783534852 0.01574914884985080736027314440007153070038 1.598345528419960522262582639109686845003e-17 3.738406959896216731491330485548134656571e-21
111 0.9838236396331081952937807578587420245436 0.01617636036689151021686535833303607037037 1.598273533652067237824036308326974352768e-17 4.057006329001120971070024908979918600372e-21
112 0.9833828165252280386277968644391495023724 0.01661718347477166688155087639304876322028 1.598366892208700531555147175031491935619e-17 4.421796122247813280949391033447415207818e-21
113 0.9829278291901018790949658236903758649243 0.01707217080989782641475880513523303195114 1.59828786201578301055177609892330399343e-17 4.835210058012568827284754100146563550246e-21
114 0.9824581130483724860045786162935680164473 0.01754188695162721950394189227998459500411 1.598360921260312588308130605660932661661e-17 5.308737864773917554608595177658769856711e-21
115 0.98197309206058307787104993621598712426 0.01802690793941662763709533459563536027999 1.598342294330175200251557974197963690646e-17 5.870244928077492611947221562385426021655e-21
116 0.98147217922723321971647354629758993261 0.01852782077276648579093097112355123054775 1.598350740683198871132647713265260986375e-17 6.526534788322447368111523066597119250086e-21
117 0.9809547771024830931773470959651783856068 0.01904522289751661232860571336865425281624 1.598419498967748094297225800832282853301e-17 7.29066003013816769177179962787885208127e-21
118 0.9804202783176444217721251496696054288715 0.01957972168235528373331795100866464476703 1.598375335209629955524585424964239505565e-17 8.242006266882467824443945931919738595342e-21
119 0.9798680661102894149217876090369634335566 0.0201319338897102905812547976358801796129 1.598497162005520810749648925645051566751e-17 9.424432313399018680183702562402729878203e-21
120 0.9792975148545015502532491063918302595964 0.02070248514549815524845446709753219119874 1.598489560926851150304334967869085611246e-17 1.083927628357778360863962756178759483265e-20
121 0.9787079905874848506927729181304584459338 0.02129200941251485480594402115352672840273 1.59860170335191230191680972569747116138e-17 1.270448623834376402212944335744720103195e-20
122 0.9780988515274425738742134549059838586222 0.0219011484725571316209629364758798141635 1.598697776441793183868205722596551758143e-17 1.528430324165597162764806301334822961994e-20
123 0.9774694485773329952105300610208674445011 0.02253055142266671027955721033148432133007 1.598877758638055672056350292880236728324e-17 1.857360130854199379818891964488652402124e-20
124 0.9768191258088103490160557533189546380925 0.023180874191189356466931060595600811801 1.599134963448726910836481238899360877635e-17 2.31020106396277173931906553258103219079e-20
125 0.976147220920364148951093274965100775185 0.02385277907963555652214050182778807427396 1.599400549776893959622848773645482784531e-17 3.019918447962317819262156521631112487151e-20
126 0.9754530656633812364746217617858770638359 0.02454693433661846898057433102013630642558 1.600189964097225235064346780760290647253e-17 4.034272526318578778502648358452355360757e-20
127 0.9747359862295732464751764551259710285052 0.0252640137704264589572624908714108050364 1.601080468425174820292263460344833669639e-17 5.419482879232259429610301267730382950375e-20
128 0.9739953035929390273968287430741396246118 0.02600469640706067800222798921410340420054 1.602228431449624603309556027485143151092e-17 7.609741225696263049494818276188216551634e-20
129 0.9732303337991682643090075296282450060327 0.0267696662008314410319848753231090101285 1.604613609644082448077213414545085669063e-17 1.103099576492732618496623045667294154992e-19
130 0.9724403881951405530846751978108304342397 0.02755961180485915216925513258803781385287 1.608863923043673695468649204116760676438e-17 1.548688982058466924057873053222336266669e-19
131 0.9716247735909349724004691236442213943634 0.02837522640906473275081759920964192988552 1.61372744376367120828799000524788970315e-17 2.088772985508764637430885145803144089208e-19
132 0.970782792346540408263799788051101347332 0.02921720765345929676202223483075809393915 1.619308657374679645733834785314953726874e-17 2.785298624127963345411173039095133615865e-19
133 0.9699137423752482345395575242349119579586 0.03008625762475147030502615308545656256948 1.629204127377772985336564690858011112958e-17 3.608135079433530406915777247317074602077e-19
134 0.9690169170555183176693518009140132226098 0.03098308294448138695076049336294968830606 1.644233932806819532098555231573842838793e-17 4.349868366962933528095855541328563395824e-19
135 0.9680916050429387420200703030270714331953 0.03190839495706096236251047308572198392502 1.662784202693650158488607090495060004342e-17 4.870156559921575731378215184746620492279e-19
136 0.967137089973751397309994655142661172997 0.03286291002624830679266481428029651341023 1.686915399509648713593935375727288621878e-17 5.256249945220057686954546289207688450877e-19
137 0.9661526500512921259744148257151599404706 0.03384734994870757773078479908118175361344 1.722417595850278387774081349646580049487e-17 5.680628757423269056394380800413083233615e-19
138 0.9651375575065982761414101172908010838094 0.03486244249340142696937255421533888063129 1.775684302409972510012454622707734421591e-17 6.298127634355864056234240621341521476973e-19
139 0.9640910779243713587855702119503049583841 0.03590892207562834340572611418217004303571 1.858674911537285947630973628290043797206e-17 7.193930175361172670950876241273762759405e-19
140 0.9630124694254515658635053947525564707669 0.03698753057454813489293454638904538245137 1.990684543418978256391822046057598800634e-17 8.341530837100666175641285086267545943386e-19
141 0.9619009816969681146316399627118811339895 0.03809901830303158392476636945702951481623 2.195340929725808080085186786204594381132e-17 9.876228296144605098942117437880467353198e-19
142 0.9607558548613791969630890873627698255452 0.03924414513862049817279060320372024731114 2.513816829970661701034888093920068933923e-17 1.223390468768344805188406277747121215155e-18
143 0.9595763181757127650488244490419687416856 0.04042368182428692473420540870484488360288 3.013790735574107123396979300008014062576e-17 1.576501245553566204870800005954649023867e-18
144 0.958361588552470158997722378806343257679 0.04163841144752952251859093283529013314905 3.789213748380597000283823545672609515295e-17 2.088987663593847678573661848203953371354e-18
145 0.9571108688938650884209700853339570959433 0.04288913110613458032866249818104073437032 4.987630023317426343999756334530822685823e-17 2.871505642352190282918981763846929657165e-18
146 0.9558233462313479354186502634295016328928 0.04417665376865171350661646377235907821089 6.849411736878814536333380471448553929155e-17 4.078054363051445973543994011834749580805e-18
147 0.9544981896627178468787201272975784488857 0.04550181033728177139100982737847147167851 9.731198830228901313326448002076515456205e-17 5.915720202076388967675336306758996058821e-18
148 0.9531345480795616857984727885231728668531 0.04686545192043788521730327588357277076672 1.417223762825239563678859766797258490516e-16 8.759286112110750000700466407130905978739e-18
149 0.9517315476782897046489666601759859587085 0.04826845232170979347442855991415410399902 2.101827152764578441404934398152696847022e-16 1.319132796249346795476181424295254674461e-17
150 0.9502882892486739718537867953740896422212 0.04971171075132541416499933336894104627757 3.154166969976121052047881993812703540117e-16 2.006195533268631575988948021017353018764e-17
151 0.9488038452345494579693747789465050127514 0.05119615476544975659177419830252837003241 4.762913205148502464287629627063363804271e-16 3.064496896694217235258891794491270991256e-17
152 0.9472772565622228005780462360784370067765 0.05272274343777615292548395089389184343338 7.212654219881063669721162676549260352336e-16 4.672848628396275624339525042065038718417e-17
153 0.9457075292331648551545350722875071694871 0.05429247076683370266734145102710411469442 1.092969753618394049403895676839389062134e-15 7.070580831733279110128067977634080552363e-17
154 0.9440936306787561470107173741540241669652 0.05590636932124181338690839886856796031339 1.655064086377883336811638706297287389378e-15 1.060357263081355218882545212180096811529e-16
155 0.9424344858762263953726459622901934764884 0.05756551412377066350287034829510485514637 2.504298421574142580357758930442852622974e-15 1.583235005743135728855503848685685642024e-16
156 0.9407289732264986260088710318544171166808 0.05927102677349707147104897651407380484037 3.787284324043078355053384804813484786317e-15 2.367331944075946051025365023096516762073e-16
157 0.9389759201964342522398003323717092693257 0.06102407980355939295204099093508661857724 5.721091879689442463871214125126885097052e-15 3.552137174462921921658021720985759392632e-16
158 0.9371740987299979627227587964658693132514 0.06282590126999260369489248015620700869407 8.622612147114075642703671579230207332941e-15 5.324676400683437324093681592941379919932e-16
159 0.9353222204351410271184024644047313363185 0.06467777956484494641779078636089180287203 1.295571172955727172866513632347324801513e-14 7.922495156510040998096888436970014155763e-16
160 0.9334189315557597826041997464376423544883 0.06658106844421935948713266121217263690658 1.940968725812927071541961014664795812902e-14 1.169718847922120921411399482726741711616e-15
161 0.9314628077409436865271135631920393077958 0.06853719225902529504405890538680568292986 2.901606896342595925823712167950156100216e-14 1.723857302564503348688014759611338325542e-15
162 0.9294523486269050923092251396663533157737 0.07054765137304879757911350051526475513902 4.328917319259155854735962275380870934683e-14 2.542435907227301285369271926255768945835e-15
163 0.9273859722505005319168136893257058064913 0.07261402774943104838713119945316365659772 6.440527037231377904032306725736770577608e-14 3.735923121256483541592004262294825367043e-15
164 0.9252620093171290416613478514239152403864 0.0747379906827696991914616831770743718064 9.552726822634705967569846451323682057296e-14 5.453376402577380786803257938504840666643e-15
165 0.9230786973500432765350635465589946223756 0.07692130264980717378811614000242847988441 1.413348331799962081582604612953125176973e-13 7.936341078776271870137424091342387769622e-15
166 0.9208341747527470293122227678419293539987 0.07916582524703251863207143631519932989114 2.08633241149763396035606863535062824444e-13 1.154031199449148828731315901105295721474e-14
167 0.9185264748211872125815140496794530220334 0.08147352517848868065524885679365042986107 3.071174240936704173054677683103780108733e-13 1.671083658188215104307738893742780777599e-14
168 0.9161535197478842585800400832071751673289 0.08384648025164057343140189598646130517613 4.508093008556436573411225866214988610293e-13 2.408018514083619047431749828936592031662e-14
169 0.9137131146659824830535360011108455335143 0.0862868853333224656774031527229280388922 6.601377326770589931569890421487316924798e-13 3.463503382224621452107816979409962606124e-14
170 0.9112029417874323643995327799704726644993 0.08879705821155350678120836855356143289181 9.641748608979334462535860724017732788146e-13 4.967545579937707116367688242786559811981e-14
171 0.9086205546961220534109032009373398045856 0.09137944530240245827136581703857526299899 1.404283858392052982918891033570310757827e-12 7.092595677738808261827091987223328782377e-14
172 0.9059633728637351086737043455905320797012 0.09403662713412347318723700405207669986898 2.04012406534697995201263192025271796086e-12 1.010155711501294468306884488761084616058e-13
173 0.9032286764633905520047224771287623715547 0.09677132353350943556094323914569440151003 2.956260168149598261710659621254470410619e-12 1.434737636231445052837879102479842613313e-13
174 0.9004136015636635859154064068372879343191 0.0995863984318611440430524632777685040218 4.272022485074659676820468904505682961471e-12 2.029690539049292495751583858064359135748e-13
175 0.8975151357933423379688595649928070612502 0.1024848642002133190163580570904032985861 6.157648240783011382244302556481399152516e-12 2.864162714378255759976303017456482584772e-13
176 0.8945301145751782812703814916856404567527 0.1054698854155661764321586248393319264072 8.852321231971055314035801858419643961765e-12 4.029425629272872024430247589754190584885e-13
177 0.8914552180348200819824387557173685710111 0.1085447819519228181236020736869024535422 1.269188948909968962606410734842300332382e-11 5.649319022979400111158142349438943445556e-13
178 0.8882869686990145473829488462581345977702 0.1117130312820450064901733895301048154901 1.815008944615775067431968996968278660714e-11 7.900781781584725788930426480521769638203e-13
179 0.8850217301048851090455759987156251817466 0.1149782698681271644506684980841831519804 2.588610300124755562992447401083281828883e-11 1.10134499994640661171887082785379800532e-12
180 0.8816557064494727817799189233972376074575 0.1183442935121742602137052639476343569483 3.682178311106091547321618525732413002264e-11 1.530896392753356223363603988004987981138e-12
181 0.8781849434156976168478573088936668494666 0.1218150565299400883430772255263278958911 5.22398640316646112631142799768815796131e-11 2.12215227483931335834275267814340430374e-12
182 0.8746053303171861627863865336646089389983 0.1253946696059663216012648398830814910962 7.39144671336381260022339926400656717036e-11 2.932769976148959491527255394936249748317e-12
183 0.8709126037098770048970534402648308887944 0.1290873961817727639446041900928282748966 1.043072576582903926629504133414711548624e-10 4.042694997490436020841631232598092808288e-12
184 0.8671023526228473800367174137178004849497 0.1328976472247945420792267804184237466491 1.468015194670727132167532996620054311266e-10 5.556279914421551688474309539604394997546e-12
185 0.8631700255639302237142625583018842097443 0.1368299742223943030977247564309035947133 2.060583411737022067344359723561542993532e-10 7.616853511748937574227770529343014786886e-12
186 0.859110939457593911106097419886315051334 0.1408890602435332677664625466667091398557 2.884594365996744825410042716820179188968e-10 1.041310602520400994742334442239014029494e-11
187 0.8549202906725277175468333147502609966827 0.1450797089105461664787420294190699552001 4.027270857888867804929876101427801920909e-10 1.41987516829763343791338616195986224726e-11
188 0.8505931682946095455739529860761917394764 0.1494068311253267576177895189948005224796 5.607523311772346269852869307142195169081e-10 1.931108712846132698517299679114975843733e-11
189 0.8461245697969365513303651929556511674774 0.1538754293981932924854587744630314859701 7.786733998517230034425454017232394363004e-10 2.619647782989148818022321304466962699928e-11
190 0.8415094192520945463489983794437144250444 0.1584905796340812141841862670849843507998 1.078373971452485527938207231327406253598e-09 3.544998951176828457454609765772552114821e-11
191 0.8367425882230506961014285209629915024711 0.1632574102397274558112392885571926446907 1.489369368514703654598388812276220233406e-09 4.785220107006699492287901462714894151408e-11
192 0.8318189194568413741245556482647024698062 0.1681810784272736194017875403143123475559 2.051443625170913976649482508862038616287e-09 6.444110280018129381295416226028700628292e-11
193 0.8267332534908572566917433613711265348756 0.1732667436046312589410944187475576734118 2.8179391578999504209838058179479737035e-09 8.657204796465025793896223043285274831136e-11
194 0.8214804582628136193519374447550963762708 0.1785195377608382848702638284706145710545 3.860309551898781668997637717761206869397e-09 1.160382653764555168181029593365563352243e-10
195 0.8160554617949328255784439218346132457714 0.1839445327760920382763007661750323726299 5.273800149484611567443783596746869185062e-09 1.551747081580822035880231653569980522588e-10
196 0.8104532879970976823272136414692461326678 0.1895467046106539355022457170702005056458 7.185194882868247386178064398457768335566e-09 2.070532207997317143239413330824546013103e-10
197 0.8046690956066852552727393597774666777538 0.1953308943551541266499726924251811785959 9.762495953907631612481589608367484002293e-09 2.756643856670947943572148740350019580901e-10
198 0.7986982202497315855424123537704196986392 0.201301766156109318292540865981469676161 1.322793059362143644413463160820224961859e-08 3.662282240410487951549308262006935030712e-10
199 0.7925362195746663427122603918049093371272 0.2074637620655959136704967875573469899925 1.787422484198957121053542087171433638733e-08 4.855126231251100691437747023834899288495e-10
200 0.786178921369746323317665538861444261686 0.2138210539017965014154731681502985366857 2.408613732929722082313464546093346573439e-08 6.423195674670789288950636636874429991692e-10
201 0.7796224745360613618696832644670549258121 0.2203774922484311687236016109447250843705 3.236746700389436648826095180112347684206e-08 8.480401870097870953687192376638057600735e-10
202 0.772863402741825858286048859189765926723 0.2271365527645801345051862116366667917571 4.337618675217087812641296912090825954367e-08 1.117406976535325261802050504301698267171e-09
203 0.7658986605392851830964518321516569555676 0.2341012800225708524236701076804968737736 5.796869568212526838635086969349214063405e-08 1.469448003852048132858428600194323659556e-09
204 0.758725691675530412793061624973638932743 0.2412742291395213107862634701294875658593 7.725630119807423269853345378417122127235e-08 1.928646799843880665404871629704893192316e-09
205 0.7513424892795379772041752112212538430026 0.248657405517164323059378381869902985557 1.026767523376163209076992716106859888622e-07 2.526545083617563958251023073394858749797e-09
206 0.7437476575575494471668051385535291971192 0.2562522030550599955841016656273977496542 1.36083833562781376373416877958517009445e-07 3.303556715965155281443647043440402174146e-09
207 0.7359404745756879395540002869064473873669 0.2640593412515952209547882858056118679988 1.798611608206655625811622403075967091476e-07 4.31155574032308730516715243679085957593e-09
208 0.7279209556628277247902806867301629776045 0.2720788016575825997072669714280202411377 2.370627841182753551933290721031480564646e-07 5.616805278724535607554196047191297551397e-09
209 0.7196899169111121754997645490990690215433 0.2803097641940529511873755992698792902108 3.11590873037448106634151169519688705691e-07 7.303961557362191676521333927215529280808e-09
210 0.7112490382123077363317804934971295843019 0.2887505438924586119085659811330149585447 4.084143356407586955404922723761701229443e-07 9.480897732498396443919035459352980978231e-09
211 0.7026009252168550030928093393614067233038 0.2973985286572690819776012952696400272736 5.338411136399362700797149498355703293455e-07 1.228476199649075774469545544613443727627e-08
212 0.693749169566841727096595579629249789265 0.3062501186891450013474210791251780425163 6.958542030549120772915545208183659781393e-07 1.5889809938141344508732502961531848281e-08
213 0.6846984067194222753011152016868947172885 0.3153006682410600939300876046568234111151 9.045228347907896291611874806812101866473e-07 2.051668256147660649151025287911499535632e-08
214 0.6754543706399728262238529827171205321906 0.3245444304053578280319659306722553944671 1.1725100832162832764171962137672508906e-06 2.644458585095834312845586260780504448285e-08
215 0.6660239446339176805739066556963931664497 0.3339745056522558820107095701553780712639 1.515687904679282592927942200937080115833e-06 3.402592147963022930524747966376768102578e-08
216 0.6564152075553694868516796625843955241183 0.3435827948517016263057172196306720384384 1.953888379874210646664568712494108288178e-06 4.370454873412939491225767131096490962855e-08
217 0.6466374746319792592068216427748818584104 0.3533599575152218653568939429327179109935 2.511814007535425819877753264434823861401e-06 5.603879106150790299558058791195039350857e-08
218 0.6367013321474639712764862439334963174712 0.3632953759914046479269329469427601676465 3.220132156636628296930449771922930215339e-06 7.17289744656657223377154234335359873137e-08
219 0.6266186652177110286492069656398631024237 0.3733771263318419701946063023059471034486 4.116798237639129106026794305365815213243e-06 9.165220908352451916430133684357168566172e-08
